{
 "cells": [
  {
   "cell_type": "code",
   "execution_count": 1,
   "id": "36e3729b",
   "metadata": {},
   "outputs": [
    {
     "name": "stderr",
     "output_type": "stream",
     "text": [
      "<>:9: SyntaxWarning: invalid escape sequence '\\M'\n",
      "<>:9: SyntaxWarning: invalid escape sequence '\\M'\n",
      "C:\\Users\\adity\\AppData\\Local\\Temp\\ipykernel_18292\\594502053.py:9: SyntaxWarning: invalid escape sequence '\\M'\n",
      "  df=pd.read_csv('D:\\Maths\\student_scores_linear_algebra.csv',index_col=0)\n"
     ]
    },
    {
     "name": "stdout",
     "output_type": "stream",
     "text": [
      "[[78 51 53 65 54]\n",
      " [91 97 89 83 84]\n",
      " [68 61 97 73 40]\n",
      " [54 83 48 49 64]\n",
      " [82 64 65 75 46]\n",
      " [47 88 92 53 48]\n",
      " [60 66 41 70 63]\n",
      " [78 98 59 87 40]\n",
      " [97 81 67 54 83]\n",
      " [58 67 86 47 47]\n",
      " [62 99 99 53 63]\n",
      " [50 55 46 62 50]\n",
      " [50 54 83 99 90]\n",
      " [63 86 47 96 56]\n",
      " [92 90 86 79 47]\n",
      " [75 83 74 60 74]\n",
      " [79 94 53 55 74]\n",
      " [63 91 56 84 72]\n",
      " [42 96 75 57 98]\n",
      " [61 42 89 86 44]\n",
      " [92 76 79 92 81]\n",
      " [41 90 43 63 78]\n",
      " [63 46 41 65 97]\n",
      " [83 60 45 64 80]\n",
      " [69 48 93 99 67]\n",
      " [77 78 81 99 46]\n",
      " [41 57 43 99 48]\n",
      " [99 43 93 84 47]\n",
      " [60 64 68 80 51]\n",
      " [72 99 57 68 73]]\n"
     ]
    }
   ],
   "source": [
    "import numpy as np\n",
    "import pandas as pd\n",
    "from numpy.linalg import norm, det, inv, eig\n",
    "from sklearn.decomposition import PCA\n",
    "from sklearn.discriminant_analysis import LinearDiscriminantAnalysis\n",
    "from scipy.linalg import lu, svd\n",
    "from sklearn.preprocessing import StandardScaler\n",
    "\n",
    "df=pd.read_csv('D:\\Maths\\student_scores_linear_algebra.csv',index_col=0)\n",
    "df\n",
    "X = df.values\n",
    "print(X)"
   ]
  },
  {
   "cell_type": "code",
   "execution_count": 3,
   "id": "25f7baee",
   "metadata": {},
   "outputs": [
    {
     "data": {
      "text/plain": [
       "(np.float64(301.0), np.float64(136.51007288841362))"
      ]
     },
     "execution_count": 3,
     "metadata": {},
     "output_type": "execute_result"
    }
   ],
   "source": [
    "v1 = X[0]\n",
    "v2 = X[1]\n",
    "\n",
    "norm_1 = norm(v1, 1)\n",
    "norm_2 = norm(v1, 2)\n",
    "\n",
    "norm_1, norm_2"
   ]
  },
  {
   "cell_type": "code",
   "execution_count": null,
   "id": "a64f99da",
   "metadata": {},
   "outputs": [
    {
     "data": {
      "text/plain": [
       "(np.int64(26693), np.float64(10.528162978515226))"
      ]
     },
     "execution_count": 4,
     "metadata": {},
     "output_type": "execute_result"
    }
   ],
   "source": [
    "dot_product = np.dot(v1, v2)\n",
    "angle = np.arccos(dot_product / (norm(v1)*norm(v2))) * (180/np.pi)\n",
    "dot_product, angle"
   ]
  },
  {
   "cell_type": "code",
   "execution_count": 11,
   "id": "1c677eaf",
   "metadata": {},
   "outputs": [
    {
     "data": {
      "text/plain": [
       "array([ -602, -2119,  2925])"
      ]
     },
     "execution_count": 11,
     "metadata": {},
     "output_type": "execute_result"
    }
   ],
   "source": [
    "cross_product = np.cross(v1[:3], v2[:3])\n",
    "cross_product"
   ]
  },
  {
   "cell_type": "code",
   "execution_count": 7,
   "id": "1fb0d0ab",
   "metadata": {},
   "outputs": [
    {
     "data": {
      "text/plain": [
       "array([61.40820609, 65.4570988 , 60.05857518, 56.00968248, 56.68449793])"
      ]
     },
     "execution_count": 7,
     "metadata": {},
     "output_type": "execute_result"
    }
   ],
   "source": [
    "projection = (np.dot(v1, v2) / np.dot(v2, v2)) * v2\n",
    "projection"
   ]
  },
  {
   "cell_type": "code",
   "execution_count": 12,
   "id": "9914e644",
   "metadata": {},
   "outputs": [
    {
     "data": {
      "text/plain": [
       "(array([[125, 139, 145, 118, 102],\n",
       "        [151, 163, 130, 153, 147],\n",
       "        [146, 159, 156, 160,  80],\n",
       "        [151, 164, 115, 103, 147],\n",
       "        [140, 131, 151, 122,  93]]),\n",
       " array([[19067, 18171, 22024, 23240, 18092],\n",
       "        [29432, 26613, 32436, 34101, 27280],\n",
       "        [23277, 19713, 24956, 25298, 21684],\n",
       "        [19927, 18148, 22001, 23135, 18132],\n",
       "        [21649, 19957, 24868, 25361, 20321]]))"
      ]
     },
     "execution_count": 12,
     "metadata": {},
     "output_type": "execute_result"
    }
   ],
   "source": [
    "A = X[:5]\n",
    "B = X[5:10]\n",
    "\n",
    "matrix_addition = A + B\n",
    "matrix_multiplication = np.dot(A, B.T)\n",
    "matrix_addition, matrix_multiplication"
   ]
  },
  {
   "cell_type": "code",
   "execution_count": null,
   "id": "b8f6d454",
   "metadata": {},
   "outputs": [
    {
     "data": {
      "text/plain": [
       "(array([[78, 91, 68, 54, 82],\n",
       "        [51, 97, 61, 83, 64],\n",
       "        [53, 89, 97, 48, 65],\n",
       "        [65, 83, 73, 49, 75],\n",
       "        [54, 84, 40, 64, 46]]),\n",
       " np.float64(-408769.9999999631),\n",
       " array([[-3.33161436,  4.48811312, -2.06215231, -3.27817599,  2.06945715],\n",
       "        [-0.81952687,  1.0394892 , -0.4854368 , -0.74041637,  0.51611909],\n",
       "        [-1.02781515,  1.39300829, -0.61004966, -1.01585244,  0.60664922],\n",
       "        [ 4.4943856 , -6.05391785,  2.75944908,  4.40049417, -2.74298505],\n",
       "        [ 1.20372092, -1.54465837,  0.7143259 ,  1.13457446, -0.7703354 ]]))"
      ]
     },
     "execution_count": 13,
     "metadata": {},
     "output_type": "execute_result"
    }
   ],
   "source": [
    "square_matrix = X[:5, :5]\n",
    "\n",
    "transpose = square_matrix.T\n",
    "determinant = det(square_matrix)\n",
    "inverse_matrix = inv(square_matrix)\n",
    "transpose, determinant, inverse_matrix"
   ]
  },
  {
   "cell_type": "code",
   "execution_count": 14,
   "id": "085a25ee",
   "metadata": {},
   "outputs": [
    {
     "data": {
      "text/plain": [
       "(array([509.23760608, 399.89240722, 269.85008233, 201.41089681,\n",
       "        223.08372021]),\n",
       " array([[-0.2817596 , -0.36660718, -0.61912224, -0.50432005, -0.38543434],\n",
       "        [ 0.4231161 , -0.68496732,  0.16656353,  0.38058633, -0.42332395],\n",
       "        [-0.59372624, -0.57384855,  0.19113876,  0.11892188,  0.51721422],\n",
       "        [-0.41553138,  0.22251658, -0.39119112,  0.74735504, -0.25739074],\n",
       "        [ 0.46519579, -0.13267686, -0.63196497,  0.16773001,  0.58178747]]))"
      ]
     },
     "execution_count": 14,
     "metadata": {},
     "output_type": "execute_result"
    }
   ],
   "source": [
    "cov_matrix = np.cov(X.T)\n",
    "eigenvalues, eigenvectors = eig(cov_matrix)\n",
    "\n",
    "eigenvalues, eigenvectors"
   ]
  },
  {
   "cell_type": "code",
   "execution_count": 15,
   "id": "02d5d58c",
   "metadata": {},
   "outputs": [
    {
     "data": {
      "text/plain": [
       "(array([[0., 1., 0., 0., 0.],\n",
       "        [1., 0., 0., 0., 0.],\n",
       "        [0., 0., 1., 0., 0.],\n",
       "        [0., 0., 0., 0., 1.],\n",
       "        [0., 0., 0., 1., 0.]]),\n",
       " array([[ 1.        ,  0.        ,  0.        ,  0.        ,  0.        ],\n",
       "        [ 0.85714286,  1.        ,  0.        ,  0.        ,  0.        ],\n",
       "        [ 0.74725275,  0.35726496,  1.        ,  0.        ,  0.        ],\n",
       "        [ 0.9010989 ,  0.72820513,  0.04531842,  1.        ,  0.        ],\n",
       "        [ 0.59340659, -0.79145299, -0.5988285 ,  0.67896416,  1.        ]]),\n",
       " array([[ 91.        ,  97.        ,  89.        ,  83.        ,\n",
       "          84.        ],\n",
       "        [  0.        , -32.14285714, -23.28571429,  -6.14285714,\n",
       "         -18.        ],\n",
       "        [  0.        ,   0.        ,  38.81367521,  13.17264957,\n",
       "         -16.33846154],\n",
       "        [  0.        ,   0.        ,   0.        ,   4.08508764,\n",
       "         -15.84418215],\n",
       "        [  0.        ,   0.        ,   0.        ,   0.        ,\n",
       "           0.88138773]]))"
      ]
     },
     "execution_count": 15,
     "metadata": {},
     "output_type": "execute_result"
    }
   ],
   "source": [
    "P, L, U = lu(square_matrix)\n",
    "P, L, U"
   ]
  },
  {
   "cell_type": "code",
   "execution_count": 16,
   "id": "8b246e09",
   "metadata": {},
   "outputs": [
    {
     "data": {
      "text/plain": [
       "(array([[-1.56976245e-01, -7.00818994e-02,  1.08423632e-01,\n",
       "         -4.83447353e-02, -2.36373256e-01,  1.08128433e-01,\n",
       "         -1.78365493e-01, -7.64849135e-02, -3.42930680e-01,\n",
       "         -4.37862712e-02,  3.72315190e-02, -1.20430098e-01,\n",
       "         -1.47666090e-01, -9.17243238e-02, -1.56435146e-01,\n",
       "         -1.70497168e-01, -1.92772830e-01, -9.60767657e-02,\n",
       "          1.67051525e-02, -1.37271258e-01, -3.01086471e-01,\n",
       "         -1.02637241e-02, -3.51803264e-01, -3.70296072e-01,\n",
       "         -2.08646336e-01, -1.16991894e-01, -5.68902921e-02,\n",
       "         -3.58083356e-01, -1.06180716e-01, -1.21840242e-01],\n",
       "        [-2.31792102e-01,  4.98917890e-02, -6.77659301e-02,\n",
       "         -7.11945576e-02, -6.42795854e-02, -2.96751963e-01,\n",
       "         -1.03971846e-01, -2.13568244e-01,  7.09582171e-02,\n",
       "         -8.00600050e-02, -2.66956109e-01, -8.63912728e-02,\n",
       "         -1.04165423e-01, -2.46210618e-01, -4.71197745e-02,\n",
       "         -9.21979721e-02, -1.41781380e-01, -2.60132829e-01,\n",
       "         -3.89511655e-01,  6.12036676e-02,  3.13710946e-02,\n",
       "         -3.78212191e-01,  5.82039558e-02,  9.76690001e-02,\n",
       "          6.25398213e-02, -9.15475656e-02, -2.03822342e-01,\n",
       "          3.08817701e-01, -9.26325604e-02, -2.34874382e-01],\n",
       "        [-1.77771168e-01, -2.71427650e-01, -1.99329473e-01,\n",
       "         -5.06874495e-02,  6.60723411e-02, -3.21463385e-01,\n",
       "          1.47660558e-01,  1.16425899e-01,  7.68782691e-02,\n",
       "         -2.97608818e-01, -2.90431320e-01,  1.97369797e-02,\n",
       "         -2.17765760e-01,  1.75634262e-01, -9.98092506e-02,\n",
       "         -5.08262002e-02,  1.69222852e-01,  1.16120502e-01,\n",
       "         -9.90478150e-02, -3.40422053e-01, -1.74543095e-02,\n",
       "          1.45795949e-01,  1.42021136e-01,  1.81167454e-01,\n",
       "         -2.92721841e-01, -1.11419838e-01,  6.24505824e-02,\n",
       "         -2.56520965e-01, -9.93371590e-02,  1.38860539e-01],\n",
       "        [-1.55724195e-01,  2.27436653e-01, -7.23068033e-02,\n",
       "          3.81627618e-02, -1.01843582e-02, -1.49676223e-01,\n",
       "          8.05112233e-02,  5.83406130e-02, -3.40735757e-01,\n",
       "         -2.01904135e-01, -2.68952024e-01,  7.72786273e-02,\n",
       "          3.11397833e-01,  2.51696440e-01, -1.25967748e-01,\n",
       "         -1.92189501e-01, -2.35695681e-01,  1.04856728e-01,\n",
       "         -1.01587639e-01,  1.81222754e-01,  1.27291290e-02,\n",
       "          4.80483727e-02,  4.00507013e-02, -9.25177552e-02,\n",
       "          2.24573159e-01,  1.62699317e-01,  4.58034684e-01,\n",
       "         -3.43674665e-02,  1.26459363e-01, -1.02134072e-01],\n",
       "        [-1.74090124e-01, -1.31951028e-01,  8.53291737e-03,\n",
       "          8.61352610e-02, -1.96708715e-01, -2.58561559e-02,\n",
       "          4.31167268e-03, -4.12555045e-01,  4.59742487e-02,\n",
       "         -3.52599020e-03,  1.62086956e-02, -2.25666532e-03,\n",
       "          3.79604367e-01, -1.89848151e-01, -3.09294641e-01,\n",
       "          5.77551078e-02, -3.74896357e-02, -1.98176884e-02,\n",
       "          3.87560098e-01, -1.38429909e-02,  2.29390238e-02,\n",
       "          1.52957678e-01,  3.94781005e-01,  1.00643103e-01,\n",
       "          1.23507754e-01, -2.50893656e-01, -6.35514849e-02,\n",
       "         -1.51039528e-01, -6.27294414e-02, -5.08659245e-02],\n",
       "        [-1.72151660e-01,  2.94508023e-03, -3.88008188e-01,\n",
       "         -5.76990514e-03,  2.35926482e-01,  8.15051103e-01,\n",
       "          1.99644742e-02, -5.46151407e-02,  9.41584864e-03,\n",
       "         -1.19361098e-01, -1.78122137e-01, -8.72538479e-03,\n",
       "         -1.65263890e-02, -9.80832037e-03, -7.32603163e-02,\n",
       "         -5.35196408e-02, -2.46829040e-02, -3.25304917e-02,\n",
       "         -1.17601178e-01, -4.50602199e-02,  1.29880604e-02,\n",
       "         -5.35739271e-02,  9.23098002e-02,  7.60683730e-02,\n",
       "         -1.62266097e-02, -5.17721643e-02,  6.74254401e-03,\n",
       "          1.45564913e-02, -3.92334475e-02, -4.54511993e-02],\n",
       "        [-1.56850341e-01,  9.64397558e-02,  1.67352591e-01,\n",
       "          8.33313922e-02, -3.95483743e-02,  5.13516435e-02,\n",
       "          9.37067969e-01, -3.74824189e-02, -1.56822182e-02,\n",
       "          4.79258235e-02,  5.24503734e-02, -3.66874646e-02,\n",
       "         -5.28787310e-02, -7.94485087e-02,  8.97279556e-03,\n",
       "         -5.10587722e-03, -3.09760359e-02, -6.09964296e-02,\n",
       "         -1.44328910e-02,  3.56050033e-03, -4.33154220e-02,\n",
       "         -5.87956119e-02, -8.23033539e-02, -6.21925788e-02,\n",
       "         -2.21753749e-02, -2.38923472e-02, -8.59032263e-02,\n",
       "          9.27630026e-03, -2.48118740e-02, -3.96196355e-02],\n",
       "        [-1.91473231e-01, -1.21875688e-02, -6.96952692e-02,\n",
       "          4.49196527e-01, -1.14364478e-01, -5.93001645e-03,\n",
       "         -6.43728192e-02,  7.77825644e-01,  2.48440058e-02,\n",
       "          3.63234630e-02,  1.72613439e-02, -4.09387206e-02,\n",
       "          9.65686699e-02, -1.77707724e-01, -1.10488818e-01,\n",
       "          1.15156688e-02, -5.90228857e-02, -9.70690118e-02,\n",
       "          8.15292137e-02,  1.99028013e-02, -1.23359389e-02,\n",
       "         -4.97905625e-02,  9.95438871e-02,  8.82099719e-03,\n",
       "          5.24795195e-02, -1.23434124e-01, -1.26716365e-01,\n",
       "          1.39353691e-02, -5.26214693e-02, -8.68873192e-02],\n",
       "        [-1.98304880e-01,  1.44738083e-01, -4.43944133e-02,\n",
       "         -2.19647807e-01, -3.47818579e-01,  6.40452814e-02,\n",
       "         -1.78310849e-02,  6.75933090e-02,  7.91757267e-01,\n",
       "         -2.75275454e-02, -1.12802698e-03,  5.98624829e-03,\n",
       "          5.28777809e-02,  9.56470627e-02, -2.28639821e-02,\n",
       "         -8.49749370e-02, -1.06831768e-01,  4.00004781e-02,\n",
       "          2.22059294e-03,  4.69014409e-02, -7.46060358e-02,\n",
       "          4.01740288e-02, -1.40831305e-01, -1.61885031e-01,\n",
       "          2.21386225e-02,  7.42047422e-02,  1.55875866e-01,\n",
       "         -1.02914106e-01,  4.38302155e-02, -3.06134843e-02],\n",
       "        [-1.59337690e-01, -7.05213648e-02, -2.93442600e-01,\n",
       "         -1.44446786e-01,  4.82416497e-02, -1.03410537e-01,\n",
       "          3.11876487e-02,  1.80896604e-02, -6.65132847e-02,\n",
       "          8.92007898e-01, -1.22341017e-01,  7.72868621e-03,\n",
       "          3.08694255e-03,  6.72430662e-02, -5.97292481e-02,\n",
       "         -6.16041956e-02, -2.76627398e-02,  2.71551162e-02,\n",
       "         -5.30903024e-02, -4.34131675e-02, -1.82503035e-02,\n",
       "          2.42140347e-02,  2.21463505e-02,  3.06678919e-03,\n",
       "         -2.81274283e-02, -5.96076497e-03,  8.78528801e-02,\n",
       "         -7.08235619e-02, -8.04412538e-03, -8.38176187e-03],\n",
       "        [-1.96688865e-01,  6.82106412e-02, -4.09347577e-01,\n",
       "         -9.47976288e-02,  1.38946505e-01, -1.69364110e-01,\n",
       "          2.13926028e-02, -2.19047526e-02, -5.13273406e-02,\n",
       "         -1.29475459e-01,  8.16585711e-01, -1.63901925e-03,\n",
       "          2.56679072e-03,  3.10606035e-02, -7.15848465e-02,\n",
       "         -7.85934892e-02, -5.46358899e-02, -1.43439357e-02,\n",
       "         -1.25227370e-01, -2.32579384e-02, -1.28518287e-03,\n",
       "         -4.17993306e-02,  5.23176816e-02,  3.34231819e-02,\n",
       "         -1.84446103e-03, -1.74899620e-02,  6.60615490e-02,\n",
       "         -5.02231464e-03, -1.88613200e-02, -5.12235926e-02],\n",
       "        [-1.37630308e-01,  1.05315113e-02,  8.43216192e-02,\n",
       "          4.83283502e-02,  2.50298212e-02,  1.40393695e-02,\n",
       "         -3.82602705e-02, -2.69261178e-02, -1.14570118e-03,\n",
       "          1.63692870e-02,  1.90877279e-02,  9.72495832e-01,\n",
       "         -5.45232659e-02, -5.40368642e-02, -2.46862281e-03,\n",
       "         -5.44520830e-03, -1.05217182e-02, -4.12397503e-02,\n",
       "         -1.65145098e-02, -2.21017665e-02, -3.26114752e-02,\n",
       "         -3.64756231e-02, -4.66092601e-02, -3.02319371e-02,\n",
       "         -3.68477135e-02, -3.06222852e-02, -6.70797430e-02,\n",
       "         -8.39402068e-03, -2.81331641e-02, -2.16420607e-02],\n",
       "        [-1.95465621e-01, -8.56148598e-02,  2.67939414e-01,\n",
       "         -2.40926580e-01,  3.96843205e-01, -1.57221746e-02,\n",
       "         -3.39438712e-02,  1.13649834e-01,  5.93533535e-02,\n",
       "         -8.35235790e-03,  5.39647868e-03, -4.58922603e-02,\n",
       "          6.98392529e-01, -1.53120220e-02,  9.46744100e-02,\n",
       "         -3.28562750e-03,  7.92064920e-02, -3.95649708e-02,\n",
       "         -1.46600824e-01, -1.38256949e-01, -6.04995949e-02,\n",
       "         -6.94160750e-02, -1.67384496e-01, -1.87214582e-02,\n",
       "         -1.99590833e-01, -1.60140571e-02, -1.36819109e-01,\n",
       "         -2.20323126e-02, -6.34815665e-02,  3.89497152e-02],\n",
       "        [-1.83483457e-01,  4.44747081e-02,  1.67416252e-01,\n",
       "          3.74896183e-01,  5.60557339e-02,  2.41758458e-02,\n",
       "         -9.08794220e-02, -1.66069406e-01,  7.83040710e-02,\n",
       "          7.75645253e-02,  6.21736183e-02, -6.17641445e-02,\n",
       "         -4.13809482e-02,  7.94947107e-01, -2.95193562e-02,\n",
       "          3.23332990e-02, -1.70801271e-02, -1.27733291e-01,\n",
       "          1.39586095e-02, -8.27223049e-03, -2.35880560e-02,\n",
       "         -1.05773976e-01,  9.10008045e-03,  1.61507212e-03,\n",
       "         -1.26978313e-02, -1.11516446e-01, -2.15024195e-01,\n",
       "          5.87496874e-02, -6.96829337e-02, -7.05466130e-02],\n",
       "        [-2.07103515e-01, -1.20637316e-01, -1.97103902e-01,\n",
       "          1.53133829e-01, -1.80532402e-01, -2.06844275e-02,\n",
       "         -1.20236780e-02, -1.05665973e-01, -6.93607382e-02,\n",
       "         -3.77671534e-02, -3.17125301e-02, -9.22030609e-03,\n",
       "          1.00167764e-01, -3.07330555e-02,  8.85553614e-01,\n",
       "         -3.25406613e-02, -5.87176866e-02, -7.21021700e-03,\n",
       "          7.84448443e-02, -1.03384061e-02, -3.38679014e-02,\n",
       "          3.98840670e-02,  5.83628427e-02, -2.94461258e-02,\n",
       "          1.97866194e-02, -6.41885549e-02,  2.52385785e-02,\n",
       "         -9.18558494e-02, -2.00263430e-02, -3.99563341e-02],\n",
       "        [-1.90715448e-01,  1.00522358e-01, -1.03274953e-01,\n",
       "         -1.24490187e-01, -7.10240635e-02, -2.27554520e-02,\n",
       "         -1.50852207e-02,  2.19545070e-02, -1.00522124e-01,\n",
       "         -4.59469283e-02, -5.23264937e-02, -8.72023652e-03,\n",
       "         -1.10618345e-02,  3.26948448e-02, -2.34441533e-02,\n",
       "          9.37393868e-01, -6.25592666e-02, -4.09358209e-03,\n",
       "         -5.74757324e-02,  2.86985652e-03, -4.32036780e-02,\n",
       "         -1.62516839e-02, -6.89758593e-02, -6.79842991e-02,\n",
       "         -9.95814215e-03,  1.95333854e-02,  5.87436491e-02,\n",
       "         -4.09559003e-02,  2.29626637e-03, -3.52549287e-02],\n",
       "        [-1.85289540e-01,  2.44229739e-01, -6.41472727e-02,\n",
       "          2.19642156e-02, -2.11216946e-01,  1.67284548e-02,\n",
       "         -4.64696259e-02, -4.02014389e-02, -1.15837622e-01,\n",
       "         -8.64543065e-04, -1.62306831e-02, -1.65687513e-02,\n",
       "          5.46470006e-02, -2.17875364e-02, -3.50327199e-02,\n",
       "         -5.82780032e-02,  8.92271264e-01, -3.80552854e-02,\n",
       "         -3.05950854e-02,  6.64665210e-02, -3.96596214e-02,\n",
       "         -4.80287508e-02, -6.41996200e-02, -9.28175965e-02,\n",
       "          5.56491219e-02,  1.70984914e-02,  3.94511611e-02,\n",
       "          3.78184905e-03,  1.15337670e-02, -7.78030070e-02],\n",
       "        [-1.91908805e-01,  1.40328235e-01,  9.00219434e-02,\n",
       "          1.75262627e-01,  8.18279815e-02, -7.19392821e-03,\n",
       "         -7.23708818e-02, -8.98142563e-02,  2.78232071e-02,\n",
       "          3.49001328e-02,  9.68795935e-03, -4.96642818e-02,\n",
       "         -6.66635618e-02, -1.31893290e-01, -6.82661433e-03,\n",
       "         -4.86189987e-03, -3.38058860e-02,  8.97408440e-01,\n",
       "         -5.90439321e-02, -1.36257599e-03, -2.75534088e-02,\n",
       "         -1.10830787e-01, -3.74351861e-02, -1.78917647e-02,\n",
       "         -1.77541337e-02, -5.84749136e-02, -1.38894104e-01,\n",
       "          5.84798994e-02, -4.84717507e-02, -6.79060048e-02],\n",
       "        [-1.91209438e-01,  3.20491109e-01, -9.81376276e-02,\n",
       "         -2.16275033e-01,  3.39707029e-01, -1.30843347e-01,\n",
       "         -2.85712254e-02,  5.80513223e-02, -5.33743622e-03,\n",
       "         -6.82198915e-02, -1.35486145e-01, -3.23424977e-02,\n",
       "         -1.76372741e-01, -9.42307342e-03,  5.23483614e-02,\n",
       "         -6.84747921e-02, -3.39134826e-02, -7.47581370e-02,\n",
       "          7.36237661e-01, -1.83439580e-02, -1.41569155e-02,\n",
       "         -1.60172275e-01, -9.84643428e-02,  3.42088959e-03,\n",
       "         -5.60364743e-02,  2.59991783e-02, -3.92807774e-02,\n",
       "          1.02378951e-01, -2.88148829e-02, -5.95530411e-02],\n",
       "        [-1.68576641e-01, -3.40134348e-01,  2.38901206e-02,\n",
       "         -8.46357402e-02,  1.51822342e-01, -2.17361721e-02,\n",
       "          9.86284924e-03,  2.87279876e-02,  1.88937911e-02,\n",
       "         -4.40820029e-02, -8.31393920e-03, -1.52234559e-02,\n",
       "         -1.12041441e-01,  1.47692881e-02, -2.14057633e-02,\n",
       "          1.45784716e-05,  6.21703420e-02,  2.08961141e-02,\n",
       "          1.95344210e-02,  8.67357117e-01, -4.71828423e-02,\n",
       "          5.54259928e-02, -2.20411823e-02,  3.01763963e-03,\n",
       "         -1.37041684e-01, -5.79752279e-02, -4.24926160e-02,\n",
       "         -1.26797130e-01, -4.92341435e-02,  5.14510661e-02],\n",
       "        [-2.19052956e-01, -4.97966211e-02,  1.25853596e-01,\n",
       "         -8.38451223e-02, -1.04930160e-01,  6.09271496e-02,\n",
       "         -3.76332091e-02,  2.75786091e-02, -8.02412588e-02,\n",
       "          6.70063494e-03,  4.19424348e-02, -2.33528519e-02,\n",
       "         -6.08354889e-02,  3.51951453e-03, -4.51158756e-03,\n",
       "         -2.99111785e-02, -2.52898163e-02, -3.73472547e-03,\n",
       "          1.23018917e-02, -3.75412308e-02,  9.24975261e-01,\n",
       "          1.48308652e-02, -1.19690966e-01, -1.01889198e-01,\n",
       "         -6.65194471e-02, -4.56802744e-03, -6.19857642e-03,\n",
       "         -9.43876629e-02, -1.49944926e-02, -3.53486976e-03],\n",
       "        [-1.64669606e-01,  3.14903545e-01,  6.01942315e-02,\n",
       "          9.12957179e-02,  1.98526121e-01, -5.01323982e-02,\n",
       "         -7.28718483e-02, -5.69601032e-02,  3.77737817e-02,\n",
       "          2.10636259e-02, -3.50197236e-02, -5.07273312e-02,\n",
       "         -1.09527654e-01, -1.23786713e-01,  3.04695984e-02,\n",
       "         -2.02629024e-02, -4.27513627e-02, -1.22084223e-01,\n",
       "         -1.58003231e-01,  1.97294868e-02, -1.05617349e-02,\n",
       "          8.27804451e-01, -6.01005707e-02, -2.08138306e-03,\n",
       "         -8.52545150e-03, -2.66765345e-02, -1.37215225e-01,\n",
       "          1.30942110e-01, -4.21445654e-02, -8.56921803e-02],\n",
       "        [-1.60755596e-01,  1.65775840e-01,  3.73258591e-01,\n",
       "         -3.29500498e-01, -4.26036034e-02,  1.19355099e-01,\n",
       "         -5.53874026e-02,  1.61284125e-01, -9.86138244e-02,\n",
       "          4.51530617e-02,  8.57498007e-02, -2.69040907e-02,\n",
       "         -1.82635170e-01,  4.93778356e-02,  1.12512506e-01,\n",
       "         -3.66874337e-02, -1.57512183e-02, -3.17575713e-03,\n",
       "         -8.87568785e-02, -1.66970760e-02, -9.01574111e-02,\n",
       "         -3.61272829e-02,  7.22107126e-01, -1.60482517e-01,\n",
       "         -9.98661621e-02,  8.39159851e-02, -3.04014237e-03,\n",
       "         -4.06794054e-02,  1.07678456e-02,  1.29025917e-02],\n",
       "        [-1.72214677e-01,  1.12214497e-01,  2.16825112e-01,\n",
       "         -1.54013848e-01, -2.69913678e-01,  1.26656417e-01,\n",
       "         -4.93837099e-02,  6.88760598e-02, -1.41504155e-01,\n",
       "          4.01595720e-02,  8.40271100e-02, -1.51192443e-02,\n",
       "         -2.96124364e-02,  3.48118452e-02,  2.80583859e-02,\n",
       "         -4.13752602e-02, -6.21129309e-02,  8.83482492e-03,\n",
       "          1.53221192e-02,  2.37571853e-02, -8.35676798e-02,\n",
       "          1.37424311e-02, -1.88189333e-01,  8.35147651e-01,\n",
       "         -2.32823170e-02,  5.50009173e-02,  4.67008742e-02,\n",
       "         -7.88207663e-02,  2.24254075e-02, -1.29296098e-02],\n",
       "        [-1.96139289e-01, -2.82145021e-01,  1.50162742e-01,\n",
       "         -1.73066769e-01,  1.80625166e-01,  8.34226434e-03,\n",
       "         -7.08762075e-03,  7.60082660e-02,  9.23251252e-03,\n",
       "         -2.60819672e-02,  1.74013182e-02, -2.47803893e-02,\n",
       "         -1.79214898e-01,  2.04091897e-02,  2.11636955e-02,\n",
       "         -3.97781553e-03,  6.65790342e-02,  1.33453000e-02,\n",
       "         -1.73210242e-02, -1.39303324e-01, -6.70285618e-02,\n",
       "          3.34608305e-02, -1.00009439e-01, -3.16464542e-02,\n",
       "          8.30676700e-01, -3.52768821e-02, -6.00799463e-02,\n",
       "         -1.21588350e-01, -4.92724671e-02,  5.65506256e-02],\n",
       "        [-2.00674644e-01, -2.01786512e-01, -5.40022491e-03,\n",
       "          2.31288549e-01,  2.82812642e-02, -1.12511833e-02,\n",
       "         -3.51033272e-02, -1.17897489e-01,  3.49642618e-02,\n",
       "          3.64342410e-03,  1.31757322e-02, -3.46024754e-02,\n",
       "         -1.18557982e-02, -1.04670869e-01, -7.31172086e-02,\n",
       "          1.23773215e-02,  5.14639463e-03, -4.94770036e-02,\n",
       "          6.11451373e-02, -6.42934623e-02, -3.26662795e-02,\n",
       "         -1.58964266e-03,  4.62456199e-02,  9.88361601e-03,\n",
       "         -4.85766976e-02,  8.91246968e-01, -1.11092482e-01,\n",
       "         -5.80311301e-02, -6.11556770e-02, -2.10822347e-02],\n",
       "        [-1.51912648e-01, -8.31976121e-02,  2.99106394e-01,\n",
       "          3.02853923e-01,  2.51987783e-01,  2.31880296e-02,\n",
       "         -8.35095385e-02, -1.15472054e-01,  1.47414450e-01,\n",
       "          8.41390885e-02,  8.20804496e-02, -6.85782197e-02,\n",
       "         -1.52889337e-01, -2.03656502e-01,  1.75123648e-02,\n",
       "          6.05306968e-02,  5.38425414e-02, -1.23652583e-01,\n",
       "         -9.29654131e-03, -7.43088698e-02, -2.46613980e-02,\n",
       "         -1.04933325e-01, -1.67917638e-02,  3.25865502e-02,\n",
       "         -9.37145999e-02, -1.22368704e-01,  7.23229897e-01,\n",
       "          5.24301534e-02, -9.20749146e-02, -2.43944514e-02],\n",
       "        [-1.91066000e-01, -3.89384878e-01,  1.18066767e-02,\n",
       "         -1.62007369e-01, -2.48344770e-01,  7.67305856e-02,\n",
       "          2.08495612e-02,  5.97424859e-02, -1.26307653e-01,\n",
       "         -3.95551763e-02,  4.46688819e-02,  1.06804094e-02,\n",
       "          1.57638478e-02,  1.02785208e-01, -6.05611123e-02,\n",
       "         -2.89223187e-02,  5.51098671e-03,  9.44706962e-02,\n",
       "          1.42104072e-01, -8.82616926e-02, -8.60264214e-02,\n",
       "          1.66148860e-01, -6.63793910e-02, -1.05102581e-01,\n",
       "         -8.96496768e-02, -9.31191419e-03,  1.03814833e-01,\n",
       "          7.54106431e-01,  1.38517981e-03,  6.32337874e-02],\n",
       "        [-1.69440810e-01, -1.04859175e-01,  3.40184352e-02,\n",
       "          7.84604113e-02,  8.52095525e-02, -1.36231367e-02,\n",
       "         -2.93662547e-02, -4.60879557e-02,  2.14636212e-02,\n",
       "         -3.37877340e-03,  1.31085941e-03, -2.97902590e-02,\n",
       "         -6.34424819e-02, -6.22012513e-02, -2.55890186e-02,\n",
       "         -5.93992432e-04,  8.77125787e-03, -3.92969758e-02,\n",
       "         -3.09560962e-03, -5.83850436e-02, -3.28807795e-02,\n",
       "         -2.10260709e-02, -1.15358026e-02, -3.98153229e-03,\n",
       "         -6.23682541e-02, -6.22844720e-02, -8.45359570e-02,\n",
       "         -3.47445042e-02,  9.53763784e-01, -1.17555833e-02],\n",
       "        [-1.93173086e-01,  2.15296960e-01, -3.94496212e-02,\n",
       "          1.18569835e-01, -6.57053017e-02, -1.25595309e-02,\n",
       "         -5.77923829e-02, -7.99417880e-02, -4.61834147e-02,\n",
       "          8.05119888e-03, -2.11478048e-02, -3.21601019e-02,\n",
       "          1.12346496e-02, -8.09257003e-02, -3.25342922e-02,\n",
       "         -3.69447281e-02, -8.08948297e-02, -7.50087945e-02,\n",
       "         -5.15180421e-02,  4.08958563e-02, -2.76971191e-02,\n",
       "         -8.64350755e-02, -3.25763184e-02, -4.71007107e-02,\n",
       "          3.32264732e-02, -2.40427371e-02, -4.34953216e-02,\n",
       "          4.07973482e-02, -1.82104799e-02,  9.16596014e-01]]),\n",
       " array([856.52705537, 120.84957969,  97.47110604,  80.54770445,\n",
       "         80.09515161]),\n",
       " array([[-0.44057312, -0.47362622, -0.4414116 , -0.46999476, -0.40722752],\n",
       "        [-0.1828893 ,  0.55067281, -0.48035358, -0.39074157,  0.52904861],\n",
       "        [ 0.03643265, -0.44788253, -0.5465738 ,  0.57665086,  0.40841739],\n",
       "        [-0.06355136,  0.51704443, -0.40895215,  0.44494249, -0.60283547],\n",
       "        [-0.87583144,  0.06711154,  0.32928933,  0.3097191 ,  0.15510623]]))"
      ]
     },
     "execution_count": 16,
     "metadata": {},
     "output_type": "execute_result"
    }
   ],
   "source": [
    "U_svd, S_svd, Vt_svd = svd(X)\n",
    "U_svd, S_svd, Vt_svd"
   ]
  },
  {
   "cell_type": "code",
   "execution_count": 17,
   "id": "bc3f2f56",
   "metadata": {},
   "outputs": [
    {
     "data": {
      "text/plain": [
       "array([[ 0.34476463, -0.71118343],\n",
       "       [ 0.12869407,  2.1539822 ],\n",
       "       [ 1.59978406,  0.14408883],\n",
       "       [-1.76599812, -0.45716833],\n",
       "       [ 0.96255973, -0.04758829],\n",
       "       [-0.41343835,  0.38556759],\n",
       "       [-0.71484145, -1.20241697],\n",
       "       [ 0.54534555,  0.49529639],\n",
       "       [-0.81966118,  1.65761256],\n",
       "       [-0.03229597,  0.05391644],\n",
       "       [-0.63301221,  1.58690958],\n",
       "       [-0.43857259, -1.79582179],\n",
       "       [ 0.50324083, -0.96537309],\n",
       "       [ 0.08127384, -0.70064677],\n",
       "       [ 1.16121115,  1.61966344],\n",
       "       [-0.68144474,  0.94010373],\n",
       "       [-1.49750626,  0.94261856],\n",
       "       [-0.67123735, -0.0280136 ],\n",
       "       [-2.37892614,  0.40230021],\n",
       "       [ 2.01456942, -1.02429815],\n",
       "       [ 0.76810796,  1.15270973],\n",
       "       [-2.23571093, -0.89434214],\n",
       "       [-1.34024491, -1.34458419],\n",
       "       [-0.71818108, -0.21611059],\n",
       "       [ 1.89678901, -0.39737621],\n",
       "       [ 1.70240625,  0.32089932],\n",
       "       [ 0.53512966, -2.60800743],\n",
       "       [ 2.67774159,  0.55494443],\n",
       "       [ 0.62139304, -0.7938043 ],\n",
       "       [-1.20193952,  0.77612225]])"
      ]
     },
     "execution_count": 17,
     "metadata": {},
     "output_type": "execute_result"
    }
   ],
   "source": [
    "scaler = StandardScaler()\n",
    "X_scaled = scaler.fit_transform(X)\n",
    "\n",
    "pca = PCA(n_components=2)\n",
    "X_pca = pca.fit_transform(X_scaled)\n",
    "X_pca"
   ]
  },
  {
   "cell_type": "code",
   "execution_count": 18,
   "id": "bae985f3",
   "metadata": {},
   "outputs": [
    {
     "data": {
      "text/plain": [
       "array([[-2.43479159],\n",
       "       [ 4.55207426],\n",
       "       [-0.92742393],\n",
       "       [-2.05063269],\n",
       "       [-0.82650648],\n",
       "       [-1.06104057],\n",
       "       [-1.9160972 ],\n",
       "       [ 1.40448109],\n",
       "       [ 1.31938039],\n",
       "       [-2.53292308],\n",
       "       [ 1.13252458],\n",
       "       [-3.89940824],\n",
       "       [ 1.18453581],\n",
       "       [ 0.88467379],\n",
       "       [ 2.1830602 ],\n",
       "       [ 0.73567045],\n",
       "       [ 0.61611781],\n",
       "       [ 1.493335  ],\n",
       "       [ 1.13337224],\n",
       "       [-1.72931866],\n",
       "       [ 3.33891676],\n",
       "       [-0.85610962],\n",
       "       [-1.8494573 ],\n",
       "       [-0.83359201],\n",
       "       [ 0.88556767],\n",
       "       [ 1.78707385],\n",
       "       [-2.14635957],\n",
       "       [ 0.0209769 ],\n",
       "       [-1.10679705],\n",
       "       [ 1.49869719]])"
      ]
     },
     "execution_count": 18,
     "metadata": {},
     "output_type": "execute_result"
    }
   ],
   "source": [
    "labels = (df.mean(axis=1) >= df.mean(axis=1).mean()).astype(int)\n",
    "\n",
    "lda = LinearDiscriminantAnalysis(n_components=1)\n",
    "X_lda = lda.fit_transform(X_scaled, labels)\n",
    "X_lda"
   ]
  }
 ],
 "metadata": {
  "kernelspec": {
   "display_name": "Python 3",
   "language": "python",
   "name": "python3"
  },
  "language_info": {
   "codemirror_mode": {
    "name": "ipython",
    "version": 3
   },
   "file_extension": ".py",
   "mimetype": "text/x-python",
   "name": "python",
   "nbconvert_exporter": "python",
   "pygments_lexer": "ipython3",
   "version": "3.12.2"
  }
 },
 "nbformat": 4,
 "nbformat_minor": 5
}
